=~=~=~=~=~=~=~=~=~=~=~= PuTTY log 2019.02.04 17:01:17 =~=~=~=~=~=~=~=~=~=~=~=

millis, TempDHT, TempThermo
MAX6675 test
5249, 25.40, 27.25
6175, 25.40, 26.75
6720, 25.40, 27.50
7045, 25.40, 27.00
7372, 25.10, 26.75
7567, 25.10, 26.75
7732, 25.10, 26.75
7896, 25.10, 26.75
8050, 25.10, 26.75
8246, 25.10, 26.75
8360, 25.10, 26.75
8524, 25.10, 26.75
9883, 25.10, 27.25
10018, 25.10, 27.25
10163, 25.10, 27.25
10328, 25.10, 27.25
10462, 25.10, 27.25
10627, 25.10, 27.25
10781, 25.10, 27.25
10936, 25.10, 27.25
11081, 25.10, 27.25
11255, 25.10, 27.25
11410, 25.10, 27.25
11565, 25.10, 27.25
11710, 25.10, 27.25
11907, 25.20, 27.25
12011, 25.20, 27.25
12677, 25.20, 27.25
12812, 25.20, 27.25
12976, 25.20, 27.25
13151, 25.20, 27.25
13326, 25.20, 27.25
13491, 25.20, 27.25
13665, 25.20, 27.25
13840, 25.20, 27.25
14027, 25.10, 27.25
14182, 25.10, 27.25
14357, 25.10, 27.25
14541, 25.10, 27.25
14697, 25.10, 27.25
14871, 25.10, 27.25
15036, 25.10, 27.25
15211, 25.10, 27.25
16309, 25.10, 26.75
18479, 25.30, 27.00
22191, 25.20, 27.00
22706, 25.20, 27.00
22850, 25.20, 27.00
23005, 25.20, 27.00
23160, 25.20, 27.00
23324, 25.20, 27.00
23470, 25.20, 27.00
23775, 25.20, 27.00
23929, 25.20, 27.00
24103, 25.20, 27.00
24301, 25.20, 27.00
24426, 25.20, 27.00
24591, 25.20, 27.00
24785, 25.20, 27.00
24950, 25.20, 27.00
25135, 25.20, 27.00
25330, 25.20, 27.00
25504, 25.20, 27.00
25699, 25.20, 27.00
25894, 25.20, 27.00
26079, 25.20, 27.00
26297, 25.20, 27.00
26462, 25.20, 27.00
26636, 25.20, 27.00
26821, 25.20, 27.00
26985, 25.20, 27.00
27181, 25.20, 27.00
27385, 25.20, 27.00
27580, 25.20, 27.00
27785, 25.20, 27.00
27990, 25.20, 27.00
28194, 25.20, 27.00
28401, 25.30, 27.00
28546, 25.30, 27.00
28730, 25.30, 27.00
28905, 25.30, 27.00
29100, 25.30, 27.00
29275, 25.30, 27.00
29479, 25.30, 27.00
29674, 25.30, 27.00
29869, 25.30, 27.00
30084, 25.30, 27.25
30288, 25.30, 27.25
30525, 25.30, 26.50
30700, 25.30, 26.50
30905, 25.30, 26.50
31080, 25.30, 26.50
31264, 25.30, 26.50
31459, 25.30, 26.50
31674, 25.30, 27.00
31859, 25.30, 27.00
32033, 25.30, 27.00
32219, 25.30, 27.00
32403, 25.30, 27.00
32610, 25.20, 27.00
32744, 25.20, 27.00
32919, 25.20, 27.00
33154, 25.20, 27.25
33339, 25.20, 27.25
33513, 25.20, 27.25
33709, 25.20, 27.25
33923, 25.20, 26.50
34078, 25.20, 26.50
34223, 25.20, 26.50
34377, 25.20, 26.50
34511, 25.20, 26.50
34668, 25.20, 26.50
34763, 25.20, 26.50
34918, 25.20, 26.50
